auto save
237
32 32 1
48 32 1
96 32 1
112 32 1
160 32 1
176 32 1
224 32 1
240 32 1
288 32 1
304 32 1
352 32 1
368 32 1
32 48 1
48 48 1
96 48 1
112 48 1
160 48 1
176 48 1
224 48 1
240 48 1
288 48 1
304 48 1
352 48 1
368 48 1
32 64 1
48 64 1
96 64 1
112 64 1
160 64 1
176 64 1
224 64 1
240 64 1
288 64 1
304 64 1
352 64 1
368 64 1
0 80 4
16 80 4
32 80 1
48 80 1
96 80 1
112 80 1
160 80 1
176 80 1
224 80 1
240 80 1
288 80 1
304 80 1
352 80 1
368 80 1
384 80 4
400 80 4
32 96 1
48 96 1
96 96 1
112 96 1
160 96 1
176 96 1
192 96 2
208 96 2
224 96 1
240 96 1
288 96 1
304 96 1
352 96 1
368 96 1
32 112 1
48 112 1
96 112 1
112 112 1
160 112 1
176 112 1
192 112 2
208 112 2
224 112 1
240 112 1
288 112 1
304 112 1
352 112 1
368 112 1
32 128 1
48 128 1
96 128 1
112 128 1
160 128 1
176 128 1
224 128 1
240 128 1
288 128 1
304 128 1
352 128 1
368 128 1
32 144 1
48 144 1
96 144 1
112 144 1
288 144 1
304 144 1
352 144 1
368 144 1
32 160 1
48 160 1
96 160 1
112 160 1
288 160 1
304 160 1
352 160 1
368 160 1
160 176 1
176 176 1
224 176 1
240 176 1
160 192 1
176 192 1
224 192 1
240 192 1
0 208 1
16 208 1
64 208 1
80 208 1
96 208 1
112 208 1
288 208 1
304 208 1
320 208 1
336 208 1
400 208 1
0 224 2
16 224 2
64 224 1
80 224 1
96 224 1
112 224 1
288 224 1
304 224 1
320 224 1
336 224 1
384 224 1
400 224 1
160 240 1
176 240 1
224 240 1
240 240 1
160 256 1
176 256 1
192 256 1
208 256 1
224 256 1
240 256 1
32 272 1
48 272 1
96 272 1
112 272 1
160 272 1
176 272 1
192 272 1
208 272 1
224 272 1
240 272 1
288 272 1
304 272 1
352 272 1
368 272 1
32 288 1
48 288 1
96 288 1
112 288 1
128 288 3
144 288 3
160 288 1
176 288 1
224 288 1
240 288 1
256 288 3
272 288 3
288 288 1
304 288 1
352 288 1
368 288 1
32 304 1
48 304 1
96 304 1
112 304 1
160 304 1
176 304 1
224 304 1
240 304 1
288 304 1
304 304 1
352 304 1
368 304 1
32 320 1
48 320 1
96 320 1
112 320 1
128 320 4
144 320 4
160 320 1
176 320 1
224 320 1
240 320 1
256 320 4
272 320 4
288 320 1
304 320 1
352 320 1
368 320 1
32 336 1
48 336 1
96 336 1
112 336 1
288 336 1
304 336 1
352 336 1
368 336 1
32 352 1
48 352 1
96 352 1
112 352 1
288 352 1
304 352 1
352 352 1
368 352 1
32 368 1
48 368 1
96 368 1
112 368 1
176 368 1
192 368 1
208 368 1
224 368 1
288 368 1
304 368 1
352 368 1
368 368 1
176 384 1
224 384 1
