1.837467908859253
5.746693849563599
7.104302644729614
7.099010944366455
7.672770023345947
6.496581315994263
7.338487386703491
3.789247751235962
3.095097780227661
3.6194913387298584
3.5473151206970215
3.432931900024414
3.3776326179504395
3.5407936573028564
11.940755128860474
6.930605888366699
7.067095994949341
7.1239237785339355
7.186071872711182
6.603172540664673
7.21568489074707
7.455591917037964
3.376488208770752
3.434255599975586
3.439356565475464
3.441396713256836
3.382939577102661
3.4006426334381104
3.4603657722473145
17.97519087791443
3.44328236579895
3.7284915447235107
3.1404082775115967
3.400423526763916
3.1292965412139893
3.606353521347046
3.4305646419525146
3.5176239013671875
16.503503799438477
