3.8839662075042725
6.6677324771881104
2.817249298095703
1.548779010772705
1.6250510215759277
1.8329546451568604
2.23789644241333
1.5746674537658691
1.9359760284423828
1.5083770751953125
1.6989452838897705
1.6664695739746094
1.7909700870513916
1.794715404510498
1.7098026275634766
8.072810173034668
3.525233030319214
3.3922617435455322
3.6973323822021484
2.3893322944641113
2.090867280960083
1.762589693069458
3.3620667457580566
1.4557998180389404
1.9006321430206299
1.4455595016479492
2.1358163356781006
1.743326187133789
1.9017198085784912
1.7712557315826416
1.9848957061767578
6.512044429779053
4.489961624145508
3.5575449466705322
3.8255043029785156
3.6538312435150146
3.375833511352539
3.4272677898406982
3.695540189743042
3.9158756732940674
1.2916743755340576
3.572585344314575
3.8210902214050293
4.585882902145386
15.030122995376587
